"","ACME","ADAX","ALTU","APAC","ARNE","BEAV","BESS","BIXB","BLAC","BOIS","BOWL","BREC","BRIS","BUFF","BURB","BURN","BUTL","BYAR","CAMA","CENT","CHAN","CHER","CHEY","CHIC","CLAY","CLOU","COOK","COPA","DURA","ELRE","ERIC","EUFA","FAIR","FORA","FREE","FTCB","GOOD","GUTH","HASK","HINT","HOBA","HOLL","HOOK","HUGO","IDAB","JAYX","KENT","KETC","LAHO","LANE","MADI","MANG","MARE","MAYR","MCAL","MEDF","MEDI","MIAM","MINC","MTHE","NEWK","NINN","NOWA","OILT","OKEM","OKMU","PAUL","PAWN","PERK","PRYO","PUTN","REDR","RETR","RING","SALL","SEIL","SHAW","SKIA","SLAP","SPEN","STIG","STIL","STUA","SULP","TAHL","TALI","TIPT","TISH","VINI","WASH","WATO","WAUR","WEAT","WEST","WILB","WIST","WOOD","WYNO"
"ACME",1,0.922414129921728,0.897003003795366,0.977939631496788,0.86030119297624,0.794785191609671,0.923904703780595,0.857958505664041,0.846434097091608,0.741987454692509,0.91696340681179,0.889561477654049,0.889651123002649,0.811279641343256,0.857326090616459,0.905604382545032,0.890778886669016,0.941956391021263,0.880694538219006,0.894610952223313,0.902130463816251,0.85826460294726,0.878744670540937,0.973388028328713,0.805599400651273,0.810459420957252,0.807872405818099,0.823636737322247,0.865940648244146,0.945159158357055,0.882716548091207,0.844623753279053,0.844040927897064,0.832447977738493,0.84110110864061,0.959094721705092,0.752463611674416,0.927263215647942,0.856063451318244,0.940442184462693,0.938611734009474,0.899838450790995,0.778203205587963,0.826786536710043,0.781826193718068,0.792438923355696,0.721125185087104,0.914513879792258,0.885814094393776,0.862499939807774,0.903541535456769,0.925864590785482,0.905975001703256,0.81630811802983,0.869559069347439,0.855969663113852,0.961623083139159,0.785242393751465,0.966628524778569,0.768491502061414,0.849169512712933,0.966652365492231,0.815931450903744,0.887130540517272,0.886633812269086,0.860932408004452,0.952054060600589,0.8720768022335,0.903731791889833,0.822275745138478,0.884594182600567,0.88424359898154,0.905866624579792,0.93867718976648,0.807537609140168,0.859493384247143,0.933309356408485,0.853355703097383,0.785857391176619,0.931575643710993,0.828398541361879,0.899169187161508,0.882960394750327,0.932887984713438,0.812779481177577,0.810275577009235,0.933481674356002,0.873195448519166,0.796754140770394,0.954738297642768,0.914541663029347,0.948541876493234,0.931941819497951,0.761455294222903,0.834308521190751,0.806593965052371,0.85086145811335,0.853788794694434
"ADAX",0.922414129921728,1,0.824328782085893,0.90896986061114,0.794929455801996,0.744795892964121,0.853259703697935,0.909275831367721,0.835771565632388,0.694020597223153,0.969136309516616,0.865584623032419,0.930738450017768,0.765292998946727,0.864591992191301,0.924641932881268,0.822995769195,0.976929724982232,0.819137548823589,0.972900157390617,0.927507484969502,0.820777768763239,0.807243537839471,0.924967911971206,0.893153146340547,0.896399375909214,0.884599073994386,0.851694107879231,0.929695345216993,0.899127967821559,0.804233423904897,0.923733330313797,0.80129963314419,0.847492430320087,0.796877006275155,0.88960544716773,0.697762636856453,0.911007432553222,0.915571123977929,0.881373809114098,0.85735938019464,0.816949284358341,0.729129311212971,0.904900379917492,0.856123601561461,0.84783459159777,0.676479125748647,0.890629350476297,0.851395575569569,0.944089316602338,0.947916662738459,0.842359195437375,0.901433124782454,0.774044632222061,0.956066680354823,0.834876944933901,0.888114448736995,0.830230522415354,0.921758689882698,0.846832958245467,0.849053922343234,0.915601641106606,0.850932218203899,0.916043918243863,0.946530624030193,0.923838256908252,0.969590172422832,0.886510386709729,0.910462605750587,0.873112232005172,0.828216076135388,0.881048939503232,0.82853231987631,0.933765207455246,0.884204024405672,0.802853775838062,0.956536946663859,0.887069713511893,0.739197333635382,0.92139018881974,0.91001083886373,0.902217964461413,0.967525054321341,0.978629381309585,0.880223231530679,0.898325750735072,0.852125229605203,0.933668766590914,0.841222446358203,0.941830392009019,0.859575114902458,0.916655661102979,0.865887268413993,0.833732641854535,0.920392489923461,0.886759830110616,0.796631221459209,0.874891036573715
"ALTU",0.897003003795366,0.824328782085893,1,0.912710687343548,0.866654385392471,0.798191011202987,0.911038052375952,0.76104166625846,0.785566607355566,0.758315960171699,0.814606438240587,0.827673817016505,0.792734525088463,0.804299357348621,0.779763433589307,0.832361299068282,0.887594079279212,0.842964979035303,0.874334758928463,0.800289947104855,0.808389859280682,0.821490642567672,0.89059847146364,0.889340875287059,0.711576833710531,0.717622637737203,0.716844270968786,0.739604556935487,0.779944895651567,0.881276181060946,0.903982878418022,0.757797392452821,0.812982567400184,0.75250356119932,0.826675968714349,0.909884403834271,0.767203081231275,0.84635014624402,0.760065711200308,0.898684295997813,0.934252993039254,0.93875563501733,0.790144655885898,0.739827835330552,0.704358010064434,0.706507494324948,0.737370528683696,0.831025023523568,0.840123739793566,0.767842242684521,0.822760903293889,0.945019916456407,0.823035365956575,0.796778756215587,0.774097167615432,0.804941276898408,0.922873932312258,0.699354525869601,0.889902731405466,0.676604954427122,0.778096812307983,0.881100137239597,0.727263170654836,0.798412656338591,0.787150419683335,0.764838708764914,0.855477443810622,0.787031769877444,0.822102507775414,0.733918827529073,0.866276325490018,0.808458084130477,0.913022928237596,0.868900543925852,0.714110815498469,0.841562760469663,0.833689420670598,0.763566535288744,0.785327279848171,0.838667504369371,0.737017632034701,0.818839966801091,0.786917627324851,0.836156160112013,0.720532507772959,0.71458105423261,0.946278386970679,0.779787296499608,0.714346639361899,0.862908747063231,0.878854823526367,0.889998170439139,0.906326031599388,0.665216817066713,0.742289570262663,0.717222756920157,0.84245954875565,0.769032597058375
"APAC",0.977939631496788,0.90896986061114,0.912710687343548,1,0.877650018144054,0.80794522885068,0.943268860207022,0.850158966717199,0.852764643467148,0.751687061086803,0.903024455482382,0.896422371442406,0.882079769479143,0.827010529540724,0.860627346445968,0.894325460220238,0.910601821737477,0.927918697578553,0.89995485733987,0.879456477887258,0.896558475322535,0.871115999354173,0.89568741568889,0.974011853135756,0.793682846913116,0.796934063871012,0.795077070599071,0.819963382896471,0.851695692980935,0.953953740527992,0.900361216085727,0.832321090035834,0.861320838950803,0.832411388751477,0.858805959428236,0.97578750526453,0.765306257372366,0.930520173239267,0.845350700128584,0.955456373865751,0.95618076509077,0.915238313345253,0.79103975850644,0.813916243534546,0.770067295032487,0.783611289624133,0.730713088563343,0.906630132594522,0.898384275752678,0.847609095204156,0.890662306835864,0.942654435102684,0.906200672520591,0.828515616817557,0.85542429083481,0.868196230036078,0.97445165467101,0.777589283956888,0.972110153474482,0.749588476216653,0.852104360083436,0.967236684805537,0.810112098540052,0.883707300513569,0.87748060514611,0.849555756682705,0.937758113788772,0.872416665915654,0.905757551425324,0.814631539197168,0.903499899346711,0.886553208894868,0.926278398716607,0.929004054528271,0.793128899313047,0.875048009546901,0.925777884991338,0.847815463020147,0.80112480903331,0.928986055985467,0.81568096350251,0.901114303218511,0.869276730409719,0.918095877893028,0.801998828308571,0.794248048393774,0.944540435678561,0.859631142423561,0.79210152565032,0.947135402968415,0.929896579425816,0.942732522960763,0.949453142657562,0.751773347431113,0.819144902227693,0.79256608730469,0.866833950446457,0.850115593995992
"ARNE",0.86030119297624,0.794929455801996,0.866654385392471,0.877650018144054,1,0.932486696107035,0.937130043879412,0.776046541231208,0.847095172332975,0.852028176054836,0.799480620719586,0.894203306231095,0.805417104554179,0.942674498225655,0.830075023374828,0.777393866875257,0.943046379984048,0.812350331290176,0.973875745977815,0.766246621320026,0.812157357486471,0.922614708354051,0.956084871905301,0.861401663747631,0.691864165396967,0.697022848112648,0.722065320428218,0.78336514808394,0.741111226988031,0.894244294268226,0.933563223921151,0.742722827887439,0.894920662853958,0.803321958897802,0.952606800919341,0.895549765609532,0.874273380979823,0.871689836326536,0.76969592278966,0.915772884009553,0.911030418136059,0.910912158005265,0.909377208340416,0.716340753170984,0.686593331561497,0.731675405714994,0.82550827546772,0.78296334983253,0.913207411229295,0.73563419777098,0.77314220268653,0.915052302703826,0.85451380850124,0.916147315646105,0.756981108036262,0.88396936648328,0.872081864046472,0.731151132264452,0.877179025561928,0.659911279279286,0.840809033156603,0.852486764675271,0.764734206192983,0.819682325428719,0.783894325962031,0.770169422893626,0.816130209646524,0.82615045649305,0.844924508986516,0.753949546570626,0.939061654767998,0.858505877894884,0.917005860403019,0.808684091769004,0.716225757470397,0.942908516056158,0.827743793608475,0.795027142261811,0.919814936617114,0.841875734278287,0.731449086046095,0.852536747185193,0.767520805643547,0.795852631218708,0.73219743099039,0.701460138678698,0.88166132717824,0.747156460731384,0.743935001387015,0.82755729513237,0.928963455418053,0.826443587659013,0.932775368846111,0.682407379811517,0.729255449442347,0.710065326946976,0.970616868375376,0.806819304660316
"BEAV",0.794785191609671,0.744795892964121,0.798191011202987,0.80794522885068,0.932486696107035,1,0.857169284305581,0.747446776352908,0.814538567082576,0.900641514344039,0.751660749929823,0.849978108430371,0.769186287800349,0.948780910556185,0.798802880861968,0.722598584148339,0.864263661704857,0.760364446307616,0.903489723285401,0.72275215541996,0.765080402896538,0.888057506919413,0.885582748350928,0.797044502099404,0.659806160499658,0.666257713673657,0.703706695556584,0.764648662499819,0.69831181850993,0.830030714132994,0.861679638167826,0.708493097658647,0.848291016290333,0.777419090632694,0.930062694719956,0.821097204810733,0.914378908113191,0.818957972490352,0.743164050391314,0.846166499897726,0.837806556956476,0.840642087770365,0.965064276127229,0.680500211701682,0.663999757631588,0.716771907870879,0.878557126671703,0.723458201022097,0.863528186591556,0.696370076986146,0.720558368246093,0.840083714825918,0.809379911864172,0.905534195353265,0.721904073076689,0.850491932098924,0.79596692146111,0.720471452348453,0.808728457754579,0.634454065749961,0.814783001431849,0.784453822790958,0.74775477177174,0.782473504891234,0.743076562442691,0.739082783607084,0.760785465958549,0.789777638404849,0.798635447671074,0.736048318178783,0.871819538608862,0.819632610934093,0.836655692568422,0.748512380416698,0.697767886161329,0.887331342361849,0.776781408606614,0.766786580975068,0.9343578688477,0.786476278321972,0.705200518770819,0.808968363324542,0.727435712534344,0.74316319546593,0.71315867169204,0.674162917409312,0.812861706491942,0.698106260064646,0.73028076945329,0.764939955401085,0.866067212647946,0.762365500041576,0.85810452283728,0.665419097897062,0.701644595073982,0.686912562157998,0.93641707932474,0.776254677032694
"BESS",0.923904703780595,0.853259703697935,0.911038052375952,0.943268860207022,0.937130043879412,0.857169284305581,1,0.816287491523125,0.859254451067684,0.791690217616481,0.853580128877527,0.910469570791216,0.84873625465532,0.878164594717083,0.853463677257012,0.838825792293862,0.963213677264604,0.872237621142042,0.953717038446557,0.822993634207008,0.862801411227468,0.907626398074979,0.948586057722939,0.926633539541705,0.739875985108035,0.742233238207872,0.757581638889411,0.80540064904104,0.798063170448138,0.945435463383725,0.945703749229414,0.78929668213089,0.897591149462497,0.823244955274845,0.908210332119119,0.957946425245908,0.807936062726528,0.916455727253996,0.809176203410735,0.967547398894222,0.966321684771883,0.940285511202051,0.837855892343669,0.761437918349042,0.723938909288189,0.756984486068916,0.768521583769903,0.847635028153815,0.925605122066446,0.79108756428219,0.835074036194008,0.958086087159365,0.893899973667849,0.874468011740938,0.8045746579973,0.887319618829828,0.93789403491061,0.753926409651038,0.939531005858989,0.702276878062252,0.852872993212025,0.916239104303375,0.789858512029178,0.860984286566427,0.833890771790971,0.81168393817356,0.880380013895415,0.859176777875096,0.887890234125752,0.785852839849956,0.949133685401655,0.884954525478589,0.958258456824944,0.871207339472472,0.750786327923499,0.923793388348676,0.883135748486478,0.826368028278552,0.84988095392288,0.896658163502417,0.772733305816909,0.889598221928907,0.818457154967957,0.859474679178943,0.766451998541583,0.74274461364734,0.931168846524615,0.804956051074755,0.770636864034522,0.893742146789792,0.960711738688472,0.889853506031259,0.979951982436829,0.71155958639539,0.771911035035199,0.748292934271655,0.920274761025999,0.835187371022994
"BIXB",0.857958505664041,0.909275831367721,0.76104166625846,0.850158966717199,0.776046541231208,0.747446776352908,0.816287491523125,1,0.876223986826995,0.691276576736554,0.92843491179843,0.885754825502869,0.96656667648982,0.769502184656891,0.919725816013891,0.830923537830516,0.793386147416691,0.902391053932243,0.80083773151071,0.899313212276639,0.937938877566694,0.839814890263726,0.773041986962095,0.872005306799766,0.863683912138547,0.853479106753177,0.934075551470447,0.932728433813223,0.851873584130951,0.874787689186479,0.764915993850489,0.930225463186312,0.805944684282789,0.91746844238557,0.800583946226946,0.841026893616083,0.694841651121717,0.914498086466342,0.973167110075493,0.850911102241834,0.807819659253282,0.765886129065446,0.727396694227686,0.84897156988141,0.818492073177433,0.931590909661024,0.677981255981765,0.813066018939808,0.861446852248086,0.877688317541607,0.853448749995738,0.790558916346791,0.924815632740033,0.788146065191493,0.919148128593674,0.864459897321598,0.822623047203527,0.921605615701851,0.876424504941887,0.823694655152744,0.904271837852654,0.856654804936583,0.937926329592817,0.963066937644469,0.947480530880564,0.956997813581947,0.890310687326253,0.93305671659071,0.936042975486691,0.961439726884062,0.809162506574942,0.920896684856433,0.786229618070952,0.842208946664641,0.923977827451541,0.799885603876407,0.930459543031474,0.963402083658426,0.736452197058265,0.90655104417524,0.924738214699332,0.931581883746856,0.919292430382973,0.88852267204089,0.94985020226298,0.881342512016797,0.792304277930877,0.845471138426956,0.932139953679284,0.877670241007886,0.846137830002889,0.830307706735666,0.834525535975388,0.891139010892054,0.901045197114668,0.89200359275473,0.796826993980389,0.94395265954073
"BLAC",0.846434097091608,0.835771565632388,0.785566607355566,0.852764643467148,0.847095172332975,0.814538567082576,0.859254451067684,0.876223986826995,1,0.731584079981326,0.855711963796078,0.953123817999393,0.890712231212456,0.844727186283056,0.948179203418052,0.780905627736582,0.846190261339965,0.845263682599901,0.869491766617124,0.812346672689027,0.888233788683652,0.92666947979651,0.827944305668523,0.861579935922753,0.755493144410625,0.750182118120223,0.807131892410979,0.914940401664741,0.769507962107809,0.895132242960159,0.819088380295847,0.817781376331339,0.87725176652643,0.931942069198257,0.88370927503908,0.858504840177716,0.743613758889242,0.922125700323469,0.858740506613359,0.883508655748469,0.836055786381911,0.79652244494169,0.783660599536276,0.752002994935532,0.722009303443762,0.833515378507373,0.71742021156255,0.78436483432817,0.939107294055441,0.781533682463886,0.791327348260571,0.823715653505755,0.933538105948518,0.874366081888401,0.813852537844404,0.950069100675588,0.831817882972203,0.851749137292792,0.878941986723553,0.714531347369645,0.963031178227922,0.847077603724638,0.889712490704749,0.916894096693609,0.855908922554243,0.852828979279197,0.845109147744779,0.9364061726182,0.927371930408038,0.8662538201515,0.86931628597691,0.951569326741285,0.826928526941156,0.807277290254419,0.797950818926264,0.870449397477572,0.878083773131817,0.912432571128329,0.800694994308964,0.882691184067762,0.810014908000661,0.937261639544722,0.822227628405538,0.825821998849233,0.829890939834118,0.763044223280323,0.803158334546192,0.773564728697627,0.865008527409326,0.846743402864761,0.898440804092865,0.806775186934007,0.878397543205845,0.77083939499177,0.787545428916779,0.77275516235445,0.87245011337878,0.925408567806482
"BOIS",0.741987454692509,0.694020597223153,0.758315960171699,0.751687061086803,0.852028176054836,0.900641514344039,0.791690217616481,0.691276576736554,0.731584079981326,1,0.69554936313072,0.766306393880078,0.706672787613454,0.847263374100969,0.727329108249402,0.684080660521082,0.795977930182836,0.708617939575038,0.821214318889767,0.678167491320831,0.698791868503612,0.796600148089441,0.819584597911683,0.736416945558492,0.619417279535412,0.628403248710473,0.66232867539381,0.701337011904531,0.664145314276822,0.762730729056784,0.807116302509542,0.669114141666674,0.764399535999927,0.706955175861027,0.831379843103225,0.761239836174921,0.923185825036718,0.749692728699198,0.692532914878424,0.78032370106823,0.783116855430559,0.804459972178891,0.939694036003123,0.646227254724339,0.637761104094895,0.669769391858602,0.974856558964698,0.677649488354627,0.777714766172747,0.656560829060942,0.679874359837724,0.793595548695907,0.73487031277177,0.810374151302891,0.679938175676309,0.764463946787297,0.744743553651083,0.668660075771251,0.745558419961196,0.59856505771935,0.734641848497773,0.726341503872043,0.689924664764385,0.71726783037036,0.688733426792643,0.686883231077252,0.708471909630678,0.716190761522728,0.729209999930234,0.685452777530811,0.791826486299589,0.742721709429537,0.783552606246587,0.706398622157411,0.656556814237007,0.803164114094896,0.715584722736065,0.703977434706328,0.848366703389677,0.721058066723972,0.664541911634256,0.738218154364504,0.679489218519936,0.693488540830591,0.667359428923501,0.640794420140163,0.77479383801626,0.65684678305965,0.677492499626314,0.709273698454988,0.787193169101248,0.721166263620577,0.789346866031667,0.623562051560644,0.666039175767675,0.653765044513055,0.843907988141584,0.710376593679585
"BOWL",0.91696340681179,0.969136309516616,0.814606438240587,0.903024455482382,0.799480620719586,0.751660749929823,0.853580128877527,0.92843491179843,0.855711963796078,0.69554936313072,1,0.880746485726663,0.950235243677475,0.774485013655128,0.883386887589606,0.899355828496338,0.825032211828774,0.965294464853016,0.82482777831437,0.951854242146829,0.949340609776995,0.83418300332917,0.808384548977004,0.924157959850217,0.883926241644419,0.880149160412145,0.895218487646457,0.873557703040064,0.903080231041232,0.905620462013186,0.806673180464168,0.928303555928942,0.809830740198158,0.870436079385837,0.805744603323598,0.886589526519016,0.700035932930357,0.925091543609614,0.932175952169078,0.885866591135436,0.853940947348562,0.810722513361242,0.730842337779995,0.883386579791378,0.840927006686309,0.874387334789363,0.675519149021355,0.871067836577227,0.864289571710503,0.921024263803026,0.923205635555092,0.836372314803965,0.919009649055957,0.7895173320783,0.946096900884853,0.848544162743801,0.881729957474762,0.850271423523182,0.921404399268752,0.83414010268993,0.868815357771047,0.912627906350101,0.871015921560965,0.93694715134518,0.958835710926539,0.939674345923487,0.958038828576441,0.905047513122496,0.931765164881833,0.893875633350782,0.833610565174963,0.90024360177124,0.828079595201206,0.911370673886236,0.892473441524004,0.812422021136456,0.969057524601918,0.908596410175378,0.741423246650849,0.931290534214238,0.913909119948967,0.920769084101248,0.956601401546448,0.954895008699937,0.895388083444349,0.888335552636863,0.844316726925439,0.907750204037183,0.862017946634917,0.936137425175386,0.868851742843992,0.899239500077802,0.86934295588557,0.84601178602596,0.912876433294172,0.885145000747979,0.807088247516457,0.896994920780715
"BREC",0.889561477654049,0.865584623032419,0.827673817016505,0.896422371442406,0.894203306231095,0.849978108430371,0.910469570791216,0.885754825502869,0.953123817999393,0.766306393880078,0.880746485726663,1,0.90709673573366,0.883912435437988,0.947868855689219,0.813796145930454,0.898472999476864,0.878340346610843,0.918687130617446,0.836115645898855,0.910912865567774,0.959967170882479,0.879527126116498,0.90380794327356,0.770160065086713,0.768735667032186,0.819057831354634,0.906427623197779,0.794608555339737,0.944137997188312,0.859207757565261,0.836085903993104,0.916160835310608,0.9261296831775,0.923310844802256,0.906639060899297,0.780251559285457,0.959348662630438,0.870399234825761,0.932694151630773,0.886640399516613,0.844189864575779,0.820060620036564,0.777037290838115,0.740830134067239,0.837150856862885,0.747230496587357,0.81545617570461,0.979342826083363,0.804387762810481,0.820717479525407,0.869208027182235,0.961185425695698,0.901113849709964,0.835068528233384,0.96748516809018,0.874020745647665,0.845891528034453,0.9246539945004,0.734264195466337,0.956057032933188,0.889352820785793,0.883667755848047,0.927793301739653,0.877233413589563,0.867365553462205,0.876087571536864,0.945939048284977,0.950299411253786,0.867393757297077,0.919781962052063,0.970031798485883,0.873149243671848,0.842826122072059,0.809010005082109,0.91706310899531,0.909480125142274,0.913631334283799,0.838395750926559,0.92088841974839,0.82112820719177,0.960582857010001,0.84441445462869,0.856459719252908,0.836453704535343,0.780881452536014,0.850519536844906,0.803366701618971,0.860473518833031,0.884655952939485,0.949356480486198,0.84598254230135,0.930137998979687,0.783654136130569,0.807798000701485,0.789284295976271,0.915367094262803,0.926146475528112
"BRIS",0.889651123002649,0.930738450017768,0.792734525088463,0.882079769479143,0.805417104554179,0.769186287800349,0.84873625465532,0.96656667648982,0.890712231212456,0.706672787613454,0.950235243677475,0.90709673573366,1,0.791780629472717,0.927422033452863,0.853598775677964,0.823376132193006,0.926874440179947,0.829578863551587,0.91473519103354,0.962634286132227,0.858516092378551,0.805601903098062,0.903056074706567,0.861886619192524,0.855220018246384,0.912731870307899,0.922840989439936,0.86406849151415,0.904086920306618,0.797460487720397,0.925777171033321,0.829277526011386,0.915370578982198,0.824224953122607,0.873592228419658,0.713731857933966,0.940915657430985,0.957631716485483,0.88092723126861,0.840301920891861,0.793982670307088,0.747585730611874,0.854082566473268,0.818736040659472,0.905385625114765,0.691047050820999,0.838435755172333,0.886386187558529,0.88648923963248,0.874636442204144,0.821721507970681,0.948345674780007,0.810308515600048,0.924277264752261,0.881001251097029,0.855897256997173,0.896536126646729,0.907724309539332,0.819489217323304,0.912545036150387,0.887897420019421,0.921779061069048,0.976764672399027,0.960940906038395,0.957045967375539,0.916506289451206,0.94574743031852,0.95710013470502,0.936315566620412,0.836350699976482,0.93539660356611,0.81715119074237,0.868631173376814,0.903359054785037,0.824094383843695,0.957928007091012,0.95593818271465,0.754673248742692,0.934579459121093,0.914398536982779,0.951600299076351,0.929516129545746,0.91145659218242,0.924945727095375,0.873701164350042,0.820178461447545,0.864444857948143,0.910642138311712,0.912004119903489,0.875241172133318,0.857798720474223,0.866376206225788,0.865447132415897,0.896126042043711,0.882013057059816,0.819809638924793,0.943693884008688
"BUFF",0.811279641343256,0.765292998946727,0.804299357348621,0.827010529540724,0.942674498225655,0.948780910556185,0.878164594717083,0.769502184656891,0.844727186283056,0.847263374100969,0.774485013655128,0.883912435437988,0.791780629472717,1,0.828115684126727,0.734698085995289,0.885469429056144,0.779851947657842,0.928809960924184,0.740450213588834,0.793012430808552,0.92909120369147,0.893028419468287,0.817136122048286,0.676849421230759,0.678438309752543,0.716919053114428,0.789956701809656,0.709199227694284,0.855691627171938,0.867892746511714,0.728097056869588,0.88389431275704,0.806444923216961,0.965188128070471,0.843312714081096,0.865703706178701,0.848504611126607,0.762488982276765,0.869336762019342,0.851519554585343,0.844286076612461,0.913533028074165,0.691109246318682,0.670228372808625,0.733262322068382,0.825174190184933,0.739883183087141,0.90039528187135,0.71045862910473,0.734616039991315,0.849232080807639,0.840266576257678,0.941359618932365,0.73702469342437,0.887139061241012,0.815466800690448,0.738590245769053,0.83430271130493,0.642163599098771,0.845343706832018,0.807249555114058,0.769847168457397,0.808597926508977,0.768376588118648,0.760381253479561,0.779907496172323,0.820657321858977,0.829688923457749,0.755379083985765,0.898089696953502,0.851262207073118,0.850246106145802,0.763501462405342,0.709543218277739,0.915900751237965,0.800875871106841,0.791673630917297,0.932774097187832,0.824510301315461,0.719746772833143,0.838890670877695,0.745294356693882,0.760843524234604,0.729491185729107,0.687551876502486,0.819502830970022,0.714209154967313,0.749958315545978,0.78903945717593,0.895756008446466,0.77466961555758,0.881479295402495,0.682764682889691,0.713504862784292,0.698828527451275,0.960984511884918,0.805372150330251
"BURB",0.857326090616459,0.864591992191301,0.779763433589307,0.860627346445968,0.830075023374828,0.798802880861968,0.853463677257012,0.919725816013891,0.948179203418052,0.727329108249402,0.883386887589606,0.947868855689219,0.927422033452863,0.828115684126727,1,0.799452357361006,0.83780635701466,0.869290706886624,0.855150590546313,0.84095298270155,0.915785792364951,0.908547431187512,0.816544188498966,0.872660365974342,0.788506248180288,0.781292200210263,0.849596698556836,0.951948683869639,0.795149208890863,0.899154816662707,0.803133477590819,0.856108166488528,0.863880343590318,0.962238711108022,0.86441553279437,0.863766140113513,0.735525475171898,0.937164671187117,0.90078857582934,0.879681318416622,0.832893668205552,0.790768206875225,0.774442396957029,0.781443233647017,0.749675263814181,0.879619382975683,0.713670496626534,0.799204917657356,0.925219387221319,0.812197981810319,0.81147407071548,0.81678670121552,0.954146975463329,0.852032151735978,0.847426704690132,0.938226630471755,0.834398827424046,0.892812230714683,0.888943313819619,0.744613346806667,0.97532293326448,0.858761155517623,0.929035252634097,0.950321779061097,0.896026408909478,0.891088141205315,0.862504380102872,0.968356152393939,0.952570287524917,0.911331815987679,0.858034569860532,0.967766017694162,0.818166094897147,0.822096646035826,0.836097622546996,0.855257020552643,0.905863691496211,0.952793197874513,0.785695819054221,0.904497449824035,0.842519744046292,0.959624683161649,0.853766227470942,0.849588115926642,0.873827676174964,0.797764844821817,0.805236222776072,0.801933676946753,0.90752230110592,0.865213325488041,0.890881097003574,0.819515845023038,0.871552758996318,0.816958740857414,0.821492899587291,0.807795926739664,0.854088340663539,0.964129445980304
"BURN",0.905604382545032,0.924641932881268,0.832361299068282,0.894325460220238,0.777393866875257,0.722598584148339,0.838825792293862,0.830923537830516,0.780905627736582,0.684080660521082,0.899355828496338,0.813796145930454,0.853598775677964,0.734698085995289,0.799452357361006,1,0.807698369624837,0.927383046113365,0.798140475621548,0.922426703556711,0.857655660676073,0.779834341647237,0.794591225300288,0.895068520145241,0.841469627868804,0.861697317658301,0.805776437640763,0.776858782412273,0.936118848816648,0.861580041955865,0.801994780578311,0.849424026463492,0.765695599810229,0.782792058122841,0.762264322939202,0.870707536367702,0.688897162205777,0.857393214760886,0.840596705674967,0.855217315898711,0.854851594344583,0.830410211701422,0.7112459364394,0.884710349233749,0.839934427273539,0.768258858729342,0.663393307130607,0.883684822143579,0.806094615471941,0.914661464600607,0.967203137630188,0.849404072808768,0.84006409772149,0.74028820518159,0.891623542326944,0.785604379407303,0.891303451316465,0.752126182332721,0.887758108986393,0.807626795965686,0.786425178737899,0.891156586261623,0.775297245668932,0.841081549033599,0.869276428593058,0.844412109990782,0.936439189303762,0.815063775811718,0.848000183955453,0.7947433984199,0.804441805064712,0.820203182926871,0.825961384021482,0.953916321749649,0.812370909854832,0.776067893889849,0.891642515249372,0.810409475255866,0.712184128354346,0.863184316318792,0.839840341737123,0.838663882924459,0.900389697343797,0.943241080286171,0.802503904708461,0.842830343329541,0.874332206737299,0.917324942581767,0.763600410065947,0.903342741850201,0.83005686975679,0.943359957542542,0.845386068387191,0.756680848052512,0.86061539863825,0.828829441861923,0.768409720453032,0.802618460527657
"BUTL",0.890778886669016,0.822995769195,0.887594079279212,0.910601821737477,0.943046379984048,0.864263661704857,0.963213677264604,0.793386147416691,0.846190261339965,0.795977930182836,0.825032211828774,0.898472999476864,0.823376132193006,0.885469429056144,0.83780635701466,0.807698369624837,1,0.843159626077237,0.954867528457658,0.792395046714844,0.835914274017787,0.906546158730183,0.949312572838572,0.894889248246344,0.710097474430974,0.716456583733467,0.734274977209329,0.789203404262098,0.767903164733427,0.922953286947528,0.939436033893139,0.760631288472968,0.896655291116898,0.809263495899317,0.91243817603365,0.925694770304243,0.813907597537139,0.89415139704378,0.785279141373715,0.94367166828175,0.938105133375062,0.923971856592093,0.84458284606614,0.736417317595112,0.699279642890269,0.741447983004277,0.771896728654799,0.82029542735912,0.915073388440143,0.762387661375367,0.802236609255436,0.936808751072983,0.873310011071051,0.874692794046097,0.777876557905882,0.880216811900363,0.904782733466953,0.73787268599838,0.908678699670609,0.671945470567615,0.842239759871787,0.885659575922869,0.77229458593443,0.83645738620022,0.804431655567614,0.785727991685716,0.847593239618692,0.839253651450146,0.86583991893465,0.765631421291813,0.945754022168218,0.868499757057938,0.959241188312488,0.840459089172522,0.727448149044336,0.947641631487422,0.855719138252334,0.807090149175422,0.856559770818455,0.868879979831884,0.74643393724956,0.870530403043117,0.791463310488823,0.827270937700898,0.746540365700943,0.717971673198687,0.906776089438486,0.77340410797164,0.752382367718771,0.861561772022203,0.945983236989492,0.860692793472059,0.959716582389191,0.693577928026945,0.746306139948863,0.723360661872388,0.923956948303028,0.816623590078316
"BYAR",0.941956391021263,0.976929724982232,0.842964979035303,0.927918697578553,0.812350331290176,0.760364446307616,0.872237621142042,0.902391053932243,0.845263682599901,0.708617939575038,0.965294464853016,0.878340346610843,0.926874440179947,0.779851947657842,0.869290706886624,0.927383046113365,0.843159626077237,1,0.836240241243599,0.955552425051039,0.931583032206209,0.836075766198239,0.824768172934403,0.94382319003283,0.870584416706907,0.873134115583335,0.865208087460588,0.84875778770029,0.915910466087812,0.916262189674809,0.825913312500793,0.904865586311828,0.818136544084065,0.852107808492906,0.81111770769839,0.908266074719281,0.712766771541003,0.92384054783846,0.905935541866846,0.899757443183163,0.878774430270939,0.837985574295912,0.743001011484211,0.884791211453355,0.836871663231896,0.837067108023113,0.689075342376181,0.902589438418883,0.865297987449831,0.923311036263884,0.941364852341084,0.863527807380989,0.910792707727954,0.789872155255926,0.93537102274668,0.846225191739358,0.909071020362433,0.820406752160303,0.93841783592518,0.824996870780677,0.856538209494351,0.934187174239409,0.845590312182916,0.915743197562781,0.937284648932297,0.911492461396035,0.982331415543758,0.888936721858636,0.91841903736154,0.864260585121516,0.846057701334697,0.890906078003699,0.850564402607172,0.942585349051522,0.865935468637814,0.821488334120834,0.961227957364323,0.884160261489449,0.750570403424521,0.931411738159036,0.889084173414377,0.91002037245544,0.948709665115023,0.976928280132054,0.866496768424385,0.874536309849616,0.876299944670374,0.921643088747171,0.832225580748282,0.955231490916675,0.879147310399404,0.932097226261992,0.886393429327624,0.814719699635833,0.898060999838241,0.866165559119388,0.813408097196117,0.875499404709918
"CAMA",0.880694538219006,0.819137548823589,0.874334758928463,0.89995485733987,0.973875745977815,0.903489723285401,0.953717038446557,0.80083773151071,0.869491766617124,0.821214318889767,0.82482777831437,0.918687130617446,0.829578863551587,0.928809960924184,0.855150590546313,0.798140475621548,0.954867528457658,0.836240241243599,1,0.78901007961944,0.839642807984151,0.938709790236135,0.953459490288082,0.885856348138696,0.711626474448683,0.715771253862328,0.740648886812115,0.806350724233223,0.761383904073902,0.918480402776908,0.93088048487558,0.765014005421136,0.91507816819043,0.828227422927078,0.954471292511941,0.916931059734861,0.844316016604292,0.899127952130755,0.791736119362075,0.937376151624058,0.924109041656297,0.910894435519651,0.877310951674006,0.732886459130135,0.699050068568929,0.750378530303907,0.797499298212479,0.806719484364914,0.937589152395987,0.758295033795991,0.79648542780019,0.923236301172076,0.882378577322694,0.918774324041162,0.776594901869744,0.906584417983403,0.892851197328341,0.751070349913413,0.903088259716212,0.677163498841345,0.864132388984794,0.874570741852914,0.786653605775833,0.844895159578346,0.808862535302405,0.792083962228721,0.840697218356199,0.853361820908353,0.872964226122097,0.775252733800001,0.959984338139837,0.883363012368069,0.92474783260922,0.828697129789259,0.735306160887295,0.958312070643097,0.85438262188426,0.819864591450316,0.89616597257745,0.870337606736763,0.750280697998638,0.878601188973323,0.788623438256852,0.820139468751914,0.751903327437057,0.719664259216796,0.889770457756733,0.769375163345364,0.764818209078044,0.854397696868136,0.953007385342326,0.84449441675421,0.952311614612886,0.701078942737669,0.74630549050915,0.725935820059532,0.968601190507909,0.831993039937257
"CENT",0.894610952223313,0.972900157390617,0.800289947104855,0.879456477887258,0.766246621320026,0.72275215541996,0.822993634207008,0.899313212276639,0.812346672689027,0.678167491320831,0.951854242146829,0.836115645898855,0.91473519103354,0.740450213588834,0.84095298270155,0.922426703556711,0.792395046714844,0.955552425051039,0.78901007961944,1,0.907821867142296,0.79124275633475,0.777317253809846,0.896171706011594,0.920881431260767,0.926594281108545,0.890795676319184,0.835726140013621,0.949910257971484,0.865354954198649,0.778316296300006,0.924935956128454,0.77409889521872,0.827263914702318,0.769522305223833,0.858286612935898,0.676317438675342,0.882128746498362,0.910835767996295,0.848874343326791,0.829607013891476,0.789515062788674,0.705694225279662,0.931330997610103,0.886110341117513,0.845545136166522,0.662146518274536,0.867175888725422,0.821527925452532,0.970202536176961,0.95275953149988,0.814197382858729,0.874682451409704,0.752546610886128,0.968569397611977,0.807619872335602,0.861698274668928,0.823902613830809,0.889469898259104,0.87592369210803,0.826007001041928,0.886948653342238,0.837863240855451,0.895390724844734,0.935576212713154,0.917442886347885,0.949294832402025,0.863341231399319,0.885283597097006,0.869138811529875,0.794397602646042,0.85538050462607,0.801744856586118,0.918241375029515,0.89697648236564,0.77549307261159,0.931169022274127,0.873114669322826,0.709350542058026,0.890105568539792,0.919667411556064,0.876213858276157,0.977149867386041,0.965225441739333,0.881268152464291,0.920081639965778,0.827922210071513,0.939580599781057,0.833524314237808,0.912663633067909,0.830217506455231,0.89674943132863,0.835095381734111,0.836572196402934,0.935591189415131,0.905617806064493,0.768413334319945,0.856207261228349
"CHAN",0.902130463816251,0.927507484969502,0.808389859280682,0.896558475322535,0.812157357486471,0.765080402896538,0.862801411227468,0.937938877566694,0.888233788683652,0.698791868503612,0.949340609776995,0.910912865567774,0.962634286132227,0.793012430808552,0.915785792364951,0.857655660676073,0.835914274017787,0.931583032206209,0.839642807984151,0.907821867142296,1,0.861606406012891,0.813452235245936,0.921474238218626,0.844424208946467,0.836976331839209,0.878569445003948,0.903750267939006,0.85614860126776,0.917393832247504,0.809388522054329,0.904009550604888,0.836139197512117,0.90099411001085,0.826379412973379,0.888607014837145,0.706120729406294,0.950507993832148,0.929628154440324,0.895522984369001,0.85355691938874,0.805870211674113,0.740546478625544,0.836879755989687,0.802254065409399,0.872922115507435,0.682376171792204,0.846827485622006,0.891963528489761,0.874450802118592,0.874693316709403,0.836140688669568,0.950429597532642,0.811341174542337,0.905976405177499,0.880609302577676,0.871652458988265,0.867289433143995,0.925390075632721,0.794908063039389,0.903168647785718,0.904717527817846,0.895225494397878,0.962847634483205,0.944564662421346,0.933346058620415,0.929105683758708,0.935656852241239,0.96024208072019,0.90669116497508,0.848479450255157,0.932752358605906,0.833177470529804,0.877625900045098,0.872943242319844,0.833404943248973,0.965448315460413,0.933255446507201,0.756943681569616,0.945981706548223,0.890243100509966,0.951539963661916,0.915458226268909,0.91296762039246,0.891113551396573,0.849344845971024,0.833713596151528,0.859674822330872,0.885310886249875,0.918824165997643,0.88712476425456,0.870806349273444,0.881846717929983,0.831354489726436,0.875164525230702,0.855422283259617,0.824179810421583,0.926938138272786
"CHER",0.85826460294726,0.820777768763239,0.821490642567672,0.871115999354173,0.922614708354051,0.888057506919413,0.907626398074979,0.839814890263726,0.92666947979651,0.796600148089441,0.83418300332917,0.959967170882479,0.858516092378551,0.92909120369147,0.908547431187512,0.779834341647237,0.906546158730183,0.836075766198239,0.938709790236135,0.79124275633475,0.861606406012891,1,0.893141689826872,0.868980730513169,0.725632904876291,0.725040894305654,0.770830408888159,0.867836553686782,0.756873644377635,0.915299403399891,0.869691443805776,0.788161507786122,0.927867676667912,0.889282422706238,0.965013986505894,0.885623882301613,0.814992016879086,0.917631530647082,0.825490866457589,0.914659443031867,0.877271134025956,0.851160359639301,0.856827643358757,0.735510184698144,0.705992391033691,0.79386734175539,0.777100125382708,0.782557151446432,0.970522643810535,0.760284536332711,0.781345770677882,0.867796003104898,0.914980417636982,0.945692525924908,0.78841605393307,0.963029692892556,0.854488011484486,0.805174183219039,0.890574473625605,0.690997270325794,0.926848821777674,0.857930612034372,0.842850884198821,0.880430322517155,0.828661242732888,0.819442244346409,0.83555814513533,0.900852908811432,0.904120575522208,0.821791115795641,0.927972309381577,0.930480218703708,0.874772436287111,0.807942538636469,0.763112857177961,0.939698921079469,0.862364383280073,0.867529301257934,0.872027136955352,0.87837180910605,0.772604500131852,0.915673366232074,0.79810507093626,0.813108087329438,0.790655524196138,0.735044928160436,0.842622758944349,0.765583857691012,0.818314017661048,0.845800700102332,0.941934332353757,0.817784490258228,0.919294972642841,0.738337811289923,0.763071772363929,0.743632131368448,0.95102255852065,0.883006663062774
